              precision    recall  f1-score   support

    airplane     0.9191    0.9320    0.9255      1000
  automobile     0.9677    0.9580    0.9628      1000
        bird     0.9014    0.8780    0.8896      1000
         cat     0.8658    0.7870    0.8245      1000
        deer     0.9002    0.9290    0.9144      1000
         dog     0.8590    0.8770    0.8679      1000
        frog     0.9401    0.9420    0.9411      1000
       horse     0.9358    0.9470    0.9414      1000
        ship     0.9384    0.9590    0.9486      1000
       truck     0.9355    0.9580    0.9466      1000

    accuracy                         0.9167     10000
   macro avg     0.9163    0.9167    0.9162     10000
weighted avg     0.9163    0.9167    0.9162     10000
